[info3.jpg]
filters=crop64=1,ffffa444;
crop=rect64(ffffa444)
moddate=4df56e5bae56d001
width=1920
height=1080
textactive=0
[match.jpg]
filters=Soften=1,100.000000,18.713451;Comicize=1,20.000000,100.000000,74.853806;
moddate=2f0f33a6225fd001
width=580
height=460
textactive=0
