[form3.jpg]
filters=Comicize=1,100.000000,50.000000,50.000000;Vignette=1,38.304092,1.400000,0.000000,00000000;Soften=1,100.000000,33.918129;
moddate=95c9da89b53cd001
width=620
height=275
textactive=0
[form1.jpg]
filters=Comicize=1,100.000000,50.000000,50.000000;Soften=1,100.000000,32.163742;
moddate=3aaee49db93cd001
width=1600
height=1108
textactive=0
[form4.jpg]
filters=Comicize=1,100.000000,50.000000,50.000000;Vignette=1,33.625732,1.400000,0.000000,00000000;Soften=1,100.000000,41.520466;unsharp2=1,3.000000;
moddate=48cedd1fbb56d001
width=610
height=488
text=1;202;65;ONE'S DESTINATION&#010;IS NEVER A PLACE&#010;BUT A NEW WAY OF&#010;SEEING THINS.;Adobe Fan Heiti Std B;0.648038,0.239550,0.032054,6.283185;v1,4294967295,4281545523,128.000000,1.000000,0.250000,1.000000,700,2,49152;;
textactive=1
